
Player A, Health= 50, Energy=    21, Score=   635, IronCurtainAvailable= Yes
Player B, Health= 95, Energy=    95, Score=  1724, IronCurtainAvailable= Yes
[0  0][1  0][2 d0][3  0][4 D0][5  0][6 d0][<  0][7 D0][< A0][5 A0][4 A0][3 A0][2 A0][1  0][0 E0]
[0  1][1 E1][2  1][3  1][4  1][5 E1][6  1][7  1][7  1][6  1][5  1][4  1][3  1][2  1][1  1][0 E1]
[0  2][1  2][2  2][3  2][4  2][5  2][6  2][7  2][7  2][6  2][5  2][4  2][3  2][2  2][1  2][0 E2]
[0 D3][1  3][2 E3][3  3][4  3][5  3][6  3][7 A3][7 D3][6  3][5  3][<  3][3  3][2  3][1  3][0 A3]
[0  4][<< 4][<  4][3  4][<  4][5  4][<  4][<  4][7 D4][< A4][< A4][4 A4][3 A4][2 A4][1 A4][0 E4]
[0  5][1  5][2  5][3  5][4  5][5  5][6 E5][7  5][7  5][6  5][5  5][4  5][3  5][2  5][1  5][0 E5]
[0  6][1  6][2  6][3  6][4  6][5  6][6  6][7  6][7 d6][6 a6][5  6][4  6][3  6][2  6][1  6][0 E6]
[0  7][1  7][2  7][3  7][4  7][5  7][6  7][7  7][7  7][6  7][5  7][4  7][3  7][2  7][1  7][0 E7]
