
Player A, Health= 40, Energy=    24, Score=   706, IronCurtainAvailable= Yes
Player B, Health=100, Energy=   104, Score=  2202, IronCurtainAvailable= Yes
[0 d0][1 E0][2 d0][3  0][4 D0][5 D0][6 D0][7  0][7 D0][6  0][5  0][4  0][3  0][2 a0][1 A0][0 E0]
[0 D1][<  1][2  1][<  1][<  1][5  1][<< 1][<  1][7 D1][< A1][5 A1][4 A1][< A1][2 A1][1 A1][0 E1]
[0  2][1 D2][2  2][3 E2][4  2][5  2][6  2][7  2][< D2][6  2][5  2][4  2][3  2][2  2][1 A2][0 E2]
[0  3][1  3][2  3][3  3][4  3][5  3][6  3][7  3][7  3][6  3][<  3][4  3][3  3][2  3][1 A3][0 E3]
[<< 4][1  4][<  4][<  4][4  4][<  4][6  4][<  4][<<D4][6 A4][5 A4][< A4][3 A4][2 A4][1 A4][0 E4]
[0  5][1  5][2  5][3  5][<  5][5  5][6  5][7  5][7  5][6  5][5  5][4  5][<  5][2  5][1 A5][0 E5]
[<  6][1  6][2  6][3  6][4  6][5  6][6  6][7  6][<  6][6  6][5  6][4  6][3  6][2  6][1 A6][0 E6]
[0 E7][1  7][2  7][3  7][4  7][5  7][6  7][7  7][7  7][6  7][<  7][<  7][3  7][2 A7][1 A7][0 E7]
