
Player A, Health=  0, Energy=    18, Score=   351, IronCurtainAvailable= Yes
Player B, Health=100, Energy=   107, Score=  2614, IronCurtainAvailable= Yes
[0 0][1 0][2d0][3 0][4 0][5 0][< 0][7 0][7 0][6 0][5 0][4 0][3 0][2 0][1A0][0E0]
[0 1][1 1][2 1][3 1][4 1][5 1][6 1][7D1][7 1][6 1][5 1][4 1][3 1][2 1][1 1][0E1]
[0 2][1 2][2 2][3D2][4D2][5 2][< 2][7 2][7 2][6 2][5 2][4 2][3 2][2 2][1A2][0E2]
[0 3][1E3][2 3][3 3][4 3][5 3][6 3][7 3][7D3][6 3][5 3][4 3][3 3][2 3][1a3][0E3]
[0 4][1 4][2 4][3 4][4 4][5 4][6 4][7 4][7D4][6 4][< 4][4 4][3 4][2 4][1A4][0E4]
[0 5][1 5][2 5][3 5][< 5][5 5][6 5][7 5][7d5][6 5][5 5][4 5][< 5][2 5][1A5][0E5]
[< 6][1 6][< 6][< 6][4 6][< 6][< 6][< 6][<D6][6A6][5A6][<A6][3A6][2A6][1A6][0E6]
[< 7][< 7][< 7][< 7][4 7][< 7][< 7][7 7][<D7][<A7][<A7][4A7][3A7][2A7][1A7][0E7]
