
Player A, Health= 60, Energy=    32, Score=   711, IronCurtainAvailable= Yes
Player B, Health= 80, Energy=    98, Score=  1472, IronCurtainAvailable= Yes
[0  0][1  0][2  0][3  0][4  0][5  0][6  0][7  0][7  0][6  0][5  0][4  0][3  0][2  0][1  0][0 E0]
[0  1][1  1][2  1][3  1][4  1][5  1][6  1][7  1][7  1][6  1][5  1][4  1][3  1][2  1][1  1][0 E1]
[0  2][1  2][2  2][3  2][4  2][5 E2][6  2][7  2][7  2][6  2][5  2][4  2][3  2][2  2][1  2][0 E2]
[0  3][1 E3][2  3][3  3][4  3][5  3][6  3][7  3][7  3][6  3][5  3][4  3][3  3][2  3][1  3][0 E3]
[0  4][1  4][2  4][3 E4][4  4][5  4][6  4][7  4][7  4][6  4][5  4][4  4][3  4][2  4][1  4][0 E4]
[0 A5][1  5][2  5][3 A5][4  5][5  5][6  >][7  5][7 D5][6  5][5  5][4  5][3  5][2  5][1  5][0  5]
[<  6][1  6][2  6][3  6][4 D6][5  6][<<d6][7  6][< D6][6 A6][5 A6][< A6][3 A6][2 A6][1 A6][0 E6]
[<  7][1  7][2  7][<  7][4  7][<  7][<  7][7  7][< D7][< A7][5 A7][4 A7][< A7][2 A7][1 A7][0 E7]
