
Player A, Health= 90, Energy=    18, Score=   675, IronCurtainAvailable= Yes
Player B, Health= 95, Energy=   107, Score=  1089, IronCurtainAvailable= Yes
[0  0][1  0][2  0][3  0][4  0][5  0][6  0][7  0][7  0][6  0][5  0][4  0][3  0][2  0][1  0][0 E0]
[< d1][1  1][<  1][3  1][4 d1][5 D1][6 D1][<  1][<<D1][6 A1][< A1][4 A1][3 A1][2 A1][1 A1][0 E1]
[0  2][1 E2][2 E2][3  2][4  2][5  2][6  2][7  2][7  2][6  2][5  2][4  2][3  2][2  2][1  2][0 E2]
[0  3][1  3][2  3][3  3][4  3][5 E3][6  3][7  3][7  3][6  3][5  3][4  3][3  3][2  3][1  3][0 E3]
[0  4][1  4][2  4][3  4][4  4][5 D4][6  4][7  4][7  4][6  4][5  4][4  4][3  4][2  4][1  4][0 E4]
[0  5][1 E5][2  5][3  5][4  5][5  5][6  5][7 D5][7  5][6  5][5  5][4  5][3  5][2  5][1 A5][0 E5]
[0  6][1  6][2  6][3  6][4  6][5  6][6  6][7  6][<  6][6  6][5  6][4  6][3  6][2  6][1 A6][0 E6]
[0  7][1  7][<  7][3  7][4  7][<  7][6  7][<  7][7 D7][6 A7][< A7][4 A7][3 A7][2 a7][1  7][0 E7]
