
Player A, Health= 65, Energy=    32, Score=   325, IronCurtainAvailable= No
Player B, Health=100, Energy=   116, Score=  1333, IronCurtainAvailable= No
[0  0][1 E0][2  0][3  0][4  0][5  0][6  0][7  0][7 d0][6  0][5  0][4  0][3  0][2  0][1  0][0 E0]
[0  1][1  1][2 E1][3  1][4  1][5  1][6  1][7  1][7  1][6  1][5  1][4  1][3  1][2  1][1  1][0 E1]
[0  2][1  2][2  2][3 d2][4  2][5  2][6  2][7  2][7  2][6  2][<  2][4  2][3  2][2  2][1 A2][0 E2]
[0  3][1  3][2  3][3  3][<  3][5  3][<  3][7  3][7 D3][<<A3][5 A3][4 A3][< A3][2 A3][1 A3][0 E3]
[0  4][1 D4][2  4][3  4][4  4][5  4][6  4][7  4][< d4][6  4][5  4][4  4][3  4][2  4][1 A4][0 E4]
[0  5][1  5][2  5][3  5][4  5][5  5][6  5][7  5][7  5][6  5][5  5][4  5][3  5][2  5][1  5][0 E5]
[0  6][1  6][2  6][3 D6][4 E6][5  6][<  6][7  6][7  6][6  6][5  6][4  6][3  6][2  6][1 A6][0 E6]
[0  7][1  7][2  7][3  7][<  7][5  7][6  7][7  7][7  7][6  7][5  7][4  7][<  7][2  7][1 A7][0 E7]
