
Player A, Health= 20, Energy=    18, Score=   745, IronCurtainAvailable= Yes
Player B, Health= 95, Energy=   117, Score=  2271, IronCurtainAvailable= Yes
[0 A0][1  0][2  >][3  0][4  0][5  0][6  0][7  0][7 D0][6  0][5  0][4  0][3  0][2  0][1  0][0 E0]
[0 d1][1 D1][2 A1][3 e1][4 D1][5  1][6 A1][7 D1][7 D1][6  1][<  1][4  1][3  1][2  1][1  1][0 A1]
[0  2][1  2][2  2][3  2][4  2][5  2][6  2][7 E2][7 D2][6  2][5  2][4  2][3  2][2  2][1  2][0 E2]
[0  3][1  3][2  3][3  3][4  3][5  3][6  3][7  3][7 D3][6  3][5  3][4  3][<  3][2  3][1 A3][0 E3]
[0  4][1  4][2 D4][3  4][4  4][5  4][6  4][7  4][7  4][6  4][5  4][4  4][3  4][2  4][1  4][0 E4]
[0  5][1  5][2  5][3  5][4  5][5  5][6  5][7  5][< D5][6  5][5  5][4  5][3  5][2  5][1 A5][0 E5]
[<< 6][1  6][<  6][<< 6][4  6][<< 6][6  6][7  6][<<D6][6 A6][5 A6][<<A6][3 A6][2 A6][1 A6][0 A6]
[0  7][1  7][2 E7][3  7][4  7][5  7][6  7][7  7][<  7][6  7][5  7][4  7][3  7][2  7][1 A7][0 E7]
