
Player A, Health= 80, Energy=    52, Score=   454, IronCurtainAvailable= Yes
Player B, Health=100, Energy=   114, Score=  1165, IronCurtainAvailable= Yes
[0 0][1E0][2 0][3 0][4 0][5 0][6 0][7 0][7 0][6 0][5 0][4 0][3 0][2 0][1 0][0E0]
[0 1][1 1][2D1][< 1][4d1][< 1][6 1][< 1][<D1][6A1][<A1][4A1][3A1][2A1][1A1][0E1]
[0 2][1D2][2 2][3E2][4 2][5 2][6 2][7 2][7 2][6 2][5 2][4 2][3 2][2 2][1 2][0E2]
[0 3][1 3][2 3][3 3][4 3][5 3][6E3][7 3][7 3][6 3][5 3][4 3][3 3][2 3][1 3][0E3]
[0E4][1 4][2 4][3 4][4 4][5E4][6D4][7 4][7D4][<A4][5A4][4A4][<a4][2 4][1A4][0E4]
[< 5][1 5][2 5][3 5][4 5][5 5][6 5][7 5][< 5][6 5][5 5][4 5][3 5][2 5][1A5][0E5]
[0 6][1 6][2 6][3 6][4 6][5 6][6 6][7 6][7 6][6 6][5 6][4 6][3 6][2 6][1 6][0E6]
[0E7][1 7][2 7][3 7][4 7][5 7][6 7][7 7][7 7][6 7][5 7][4 7][3 7][2 7][1 7][0E7]
