
Player A, Health= 60, Energy=    14, Score=   416, IronCurtainAvailable= Yes
Player B, Health=100, Energy=   119, Score=  1636, IronCurtainAvailable= Yes
[0 0][1 0][2 0][3 0][4 0][5 0][6 0][7 0][7 0][6 0][5 0][4 0][3 0][2 0][1 0][0E0]
[0 1][1 1][2d1][3 1][< 1][5d1][6 1][< 1][7D1][<A1][<A1][4A1][3A1][2A1][1A1][0E1]
[< 2][1 2][< 2][< 2][4 2][< 2][< 2][< 2][<D2][6A2][5A2][<A2][3A2][2A2][1A2][0E2]
[0 3][1 3][2 3][3 3][4 3][5 3][6 3][7E3][7 3][6 3][5 3][4 3][3 3][2 3][1 3][0E3]
[0 4][1 4][2 4][3 4][4 4][5 4][6 4][< 4][7d4][6A4][5a4][4 4][3 4][2 4][1 4][0E4]
[0 5][1 5][2 5][3 5][4 5][5 5][6 5][7E5][7 5][6 5][5 5][4 5][3 5][2 5][1 5][0E5]
[0 6][1E6][2 6][3 6][4 6][5 6][6 6][7 6][7 6][6 6][5 6][4 6][3 6][2 6][1 6][0E6]
[< 7][1 7][2 7][3 7][4 7][5 7][6 7][7 7][< 7][6 7][5 7][4 7][3 7][2 7][1A7][0E7]
