
Player A, Health= 55, Energy=    18, Score=   631, IronCurtainAvailable= Yes
Player B, Health= 90, Energy=   106, Score=  1596, IronCurtainAvailable= Yes
[0  0][1  0][2  0][3 E0][4  0][5  0][6  0][7  0][7  0][6  0][5  0][4  0][3  0][2  0][1  0][0 E0]
[0  1][1  1][2  1][3  1][4  1][5  1][6  1][7  1][7 D1][6  1][5  1][4  1][3  1][2  1][1  1][0 E1]
[0  2][1  2][2 E2][3  2][4  2][5  2][6  2][7  2][7  2][6  2][5  2][4  2][3  2][2  2][1  2][0 E2]
[0  3][1 d3][2  3][3 E3][4  3][5  3][6 D3][7  3][7 D3][6  3][5  3][<  3][3  3][2  3][1 E3][0 A3]
[0  4][1  4][2  4][3 D4][4  4][5  4][6  4][7  4][<  4][6  4][5  4][4  4][3  4][2  4][1 A4][0 E4]
[0  5][1  5][2  5][3  5][4  5][5  5][6 D5][7  5][7  5][6  5][5  5][4  5][3  5][2  5][1  5][0 E5]
[0  6][<< 6][2  6][<  6][<  6][5  6][<< 6][7  6][7 D6][<<A6][5 A6][4 A6][< A6][2 A6][1 A6][0 E6]
[0 D7][1  7][2  7][3  7][<  7][5  7][6  7][<  7][7 D7][6 A7][5 A7][4 A7][3 a7][2  7][1  7][0 E7]
