
Player A, Health= 15, Energy=    40, Score=   482, IronCurtainAvailable= Yes
Player B, Health=100, Energy=   115, Score=  2463, IronCurtainAvailable= Yes
[0  0][1  0][2  0][3  0][4  0][5  0][6  0][7  0][7  0][6  0][5  0][4  0][3  0][2  0][1  0][0 E0]
[0  1][1  1][2 D1][3  1][<< 1][5  1][6 d1][<  1][7 D1][< A1][< A1][4 A1][3 A1][2 A1][1 A1][0 E1]
[<  2][1  2][<  2][<  2][4  2][<  2][<  2][<  2][< D2][6 A2][5 A2][< A2][3 A2][2 A2][1 A2][0 E2]
[0  3][1  3][2  3][3  3][4  3][5  3][6  3][7 E3][7  3][6  3][5  3][4  3][3  3][2  3][1  3][0 E3]
[0  4][1  4][<  4][3  4][4  4][<  4][6  4][<  4][< D4][6 A4][5 A4][< A4][3 A4][2 A4][1 a4][0 E4]
[0  5][1  5][2  5][3  5][4  5][5  5][6  5][7 E5][7  5][6  5][5  5][4  5][3  5][2  5][1  5][0 E5]
[0  6][1 E6][2  6][3  6][4  6][5  6][6  6][7  6][7  6][6  6][5  6][4  6][3  6][2  6][1  6][0 E6]
[<  7][1  7][2  7][3  7][4  7][5  7][6  7][7  7][<  7][6  7][5  7][4  7][3  7][2  7][1 A7][0 E7]
