
Player A, Health= 95, Energy=    37, Score=   410, IronCurtainAvailable= No
Player B, Health= 95, Energy=    83, Score=   614, IronCurtainAvailable= No
[0 0][1 0][2 0][3 0][4 0][5 0][6 0][7 0][7 0][6 0][5 0][4 0][3 0][2 0][1 0][0E0]
[0 1][1 1][2 1][3 1][4 1][5A1][6 1][7 1][7D1][<A1][5A1][4A1][<A1][2A1][1A1][0E1]
[0 2][1E2][2e2][3 2][4 2][5 2][6 2][7 2][7 2][6 2][5 2][4 2][3 2][2 2][1 2][0E2]
[0 3][1 3][2 3][3 3][4 3][5E3][6 3][7 3][7 3][6 3][5 3][4 3][3 3][2 3][1 3][0E3]
[0 4][1 4][2 4][3 4][4 4][5D4][6 4][7 4][7 4][6 4][5 4][4 4][3 4][2 4][1 4][0E4]
[0 5][1E5][2 5][3 5][4 5][5 5][6 5][7d5][7 5][6 5][5 5][4 5][3 5][2 5][1 5][0E5]
[0 6][1 6][2 6][3 6][4E6][5 6][6 6][7 6][7 6][6 6][5 6][4 6][3 6][2 6][1 6][0E6]
[0 7][1 7][2 7][3 7][4 7][5 7][6 7][7 7][7 7][6 7][5 7][4 7][3 7][2 7][1 7][0E7]
