
Player A, Health=  0, Energy=    19, Score=   547, IronCurtainAvailable= Yes
Player B, Health= 85, Energy=    82, Score=  2496, IronCurtainAvailable= Yes
[0  0][1  0][2  0][3  0][4  0][5  0][6  0][7  0][7  0][6  0][5  0][4  0][3  0][2  0][1  0][0 E0]
[0  1][1  1][2  1][3  1][4  1][5  1][6 D1][<  1][7 D1][6  1][5  1][4  1][3  1][2  1][1  1][0 A1]
[0  2][1  2][2  2][3  2][4  2][5  2][6  2][7  2][7  2][6  2][5  2][4  2][3  2][2  2][1  2][0 E2]
[0  3][1 E3][2  3][3  3][4  3][5  3][6  3][7  3][7  3][6  3][5  3][4  3][3  3][2  3][1  3][0 E3]
[0  4][1  4][2 E4][3  4][4  4][5  4][6  4][7  4][7  4][6  4][5  4][4  4][3  4][2  4][1  4][0 E4]
[0  5][1  5][2 D5][3  5][4  5][5 D5][6  5][7  5][7 D5][6 A5][<  5][4  5][3  5][2  5][1 A5][0 E5]
[0  6][<  6][<  6][3  6][<< 6][5  6][6  6][<< 6][7 D6][< A6][5 A6][4 A6][< A6][2 A6][1 A6][0 E6]
[<  7][<  7][2  7][3  7][<  7][5  7][6  7][<  7][< D7][6 A7][< A7][4 A7][3 A7][2 a7][1 A7][0 E7]
