
Player A, Health= 45, Energy=    32, Score=   718, IronCurtainAvailable= Yes
Player B, Health= 90, Energy=   115, Score=  1818, IronCurtainAvailable= Yes
[0 d0][1  0][2 A0][3  0][4 D0][5 D0][<  0][7  0][7 D0][<  0][5  0][<  0][3  0][2 A0][1 A0][0 A0]
[0  1][1  1][2  1][3  1][4  1][5  1][6 E1][7  1][<  1][6  1][5  1][4  1][3  1][2  1][1 A1][0 E1]
[0  2][1  2][2  2][3  2][4  2][5 D2][6  2][7  2][7  2][6  2][5  2][4  2][<  2][2  2][1 A2][0 E2]
[0  3][1  3][2  3][3  3][4  3][5  3][6  3][7  3][7  3][6  3][5  3][4  3][3  3][2  3][1 A3][0 E3]
[0 D4][1  4][2  4][3  4][4 D4][5  4][6  4][7  4][7  4][6  4][<  4][4  4][3  4][2 a4][1 A4][0 E4]
[0 E5][1  5][2  5][3  5][<  5][5  5][6  5][7  5][7  5][6  5][5  5][4  5][<  5][2  5][1 A5][0 E5]
[<< 6][1  6][<  6][3  6][4  6][<< 6][6  6][<  6][<<D6][6 A6][5 A6][4 A6][3 A6][2 A6][1 A6][0 E6]
[0  7][1  7][2  7][3  7][4  7][5  7][6  7][7  7][7  7][6  7][<  7][4  7][3  7][2  7][1 A7][0 E7]
