
Player A, Health=100, Energy=   264, Score=  2711, IronCurtainAvailable= Yes
Player B, Health= 75, Energy=    42, Score=  1911, IronCurtainAvailable= Yes
[0E0][1A0][2A0][3 0][4 0][5 >][6 >][7D0][7d0][6 0][5 0][4 0][3 0][2 0][1 0][0E0]
[0E1][1A1][2A1][3 1][4 1][5 1][6 1][7D1][7D1][6 1][5 1][4 1][3 1][2 1][1 1][0E1]
[0E2][1A2][2A2][3 2][4 2][5 2][6 2][7D>][7D2][6 2][5 2][4 2][3 2][2 2][1 2][0E2]
[0E3][1A3][2A3][3 3][4 >][5 >][6 3][7D3][7D3][6 3][5 3][4 3][3 3][2 3][1 3][0E3]
[0E4][1A4][2A4][3 4][4 4][5 >][6 4][7D4][7 4][6 4][5 4][4 4][3 4][2 4][1 4][0 4]
[0E5][1A5][2A5][3 5][4 5][5 5][6 5][7D5][7 5][6 >][5 >][4 5][3 5][2 5][1 5][0 5]
[0E6][1A6][2A6][3 6][4 >][5 6][6 6][7D>][7D6][6 6][5 6][4 6][3 6][2 6][1 6][0 >]
[0E7][1A7][2A7][3A7][4A>][5A>][6D7][7D>][7 >][6 7][5 7][4 >][3 >][2 >][1 7][0 >]
