
Player A, Health=  0, Energy=    18, Score=   772, IronCurtainAvailable= Yes
Player B, Health= 90, Energy=   121, Score=  2725, IronCurtainAvailable= Yes
[0 D0][1  0][2 A0][3  0][4 D>][5  0][6 D0][<  0][7 d0][6  0][<  0][4  0][3  0][< A0][1 A0][0 A0]
[0  1][1  1][2  1][<  1][<  1][5  1][6  1][7  1][7  1][6  1][5  1][<  1][<  1][2 A1][1 A1][0 E1]
[0  2][1  2][2  2][3  2][4  2][5 D2][6  2][7  2][<  2][6  2][5  2][4  2][3  2][2  2][1 A2][0 E2]
[0  3][1  3][<  3][3  3][4  3][5  3][6  3][7  3][7  3][<  3][<  3][4  3][3  3][2 A3][1 A3][0 E3]
[0 D4][1  4][2  4][3  4][4  4][5  4][<  4][7  4][7  4][<  4][5  4][4  4][3  4][2 A4][1 A4][0 E4]
[<  5][1  5][2  5][3  5][4  5][<  5][6  5][7  5][<  5][6  5][5  5][4  5][3  5][2 A5][1 A5][0 E5]
[0  6][<< 6][2  6][<  6][<< 6][5  6][<  6][7  6][7 D6][<<A6][5 A6][4 A6][< A6][2 A6][1 A6][0 E6]
[0  7][1 E7][2  7][3  7][4  7][5  7][<  7][<  7][7  7][6  7][5  7][4  7][3  7][2 A7][1 A7][0 E7]
