
Player A, Health=  0, Energy=    19, Score=   474, IronCurtainAvailable= Yes
Player B, Health=100, Energy=   106, Score=  2661, IronCurtainAvailable= Yes
[0 D0][1  0][2 D0][3 E0][4 E0][5 D0][6 d0][7  0][7 d0][6  0][5  0][4  0][<  0][2  0][1 A0][0 E0]
[0  1][1 D1][2 D1][3  1][4  1][5  1][6  1][7  1][<  1][6  1][5  1][4  1][3  1][2  1][1 A1][0 E1]
[<  2][<  2][2  2][<  2][<  2][5  2][<  2][<  2][< D2][< A2][5 A2][4 A2][3 A2][2 A2][1 A2][0 E2]
[0  3][1  3][2  3][3  3][4  3][5  3][<  3][7  3][7  3][6  3][5  3][4  3][3  3][2  3][1 A3][0 E3]
[0  4][1  4][2  4][3  4][<  4][5  4][6  4][7  4][7 d4][<  4][5  4][4  4][<  4][2 A4][1 A4][0 E4]
[0  5][1  5][<  5][3  5][4  5][5  5][6  5][7  5][7  5][6  5][<  5][4  5][3  5][2  5][1 A5][0 E5]
[0  6][1  6][<  6][3  6][4  6][5  6][6  6][7  6][7  6][6  6][<  6][4  6][3  6][2  6][1 A6][0 E6]
[0  7][<  7][2  7][<  7][<< 7][5  7][<  7][<  7][7 D7][< A7][5 A7][4 A7][< A7][2 A7][1 A7][0 E7]
