
Player A, Health= 10, Energy=    14, Score=   616, IronCurtainAvailable= Yes
Player B, Health= 95, Energy=   106, Score=  2504, IronCurtainAvailable= Yes
[0  0][1 D0][2 d0][3  0][4 D0][5 D0][6  0][7  0][7 D0][6  0][5  0][4  0][<  0][2  0][1 A0][0 E0]
[0  1][1  1][2  1][3  1][4  1][5  1][<  1][7  1][7 D1][6  1][5  1][4  1][3  1][2  1][1 A1][0 E1]
[0  2][1  2][2  2][3  2][<  2][5  2][6  2][7  2][7  2][6  2][5  2][4  2][<  2][2  2][1 A2][0 E2]
[0  3][1  3][2  3][3  3][4  3][5  3][6  3][7  3][< D3][6  3][5  3][4  3][3  3][2  3][1 A3][0 E3]
[0  4][1  4][2  4][3  4][4  4][5 D4][6  4][7  4][7 D4][6  4][5  4][4  4][<  4][2  4][1 A4][0 E4]
[0  5][<  5][<< 5][3  5][<  5][<  5][6  5][<  5][7 D5][6 A5][<<A5][4 A5][3 A5][2 A5][1 A5][0 E5]
[0  6][1 D6][2  6][<  6][4  6][5  6][<  6][7  6][7 D6][< A6][< A6][4 A6][3 a6][2  6][1 A6][0 E6]
[0  7][1  7][2  7][3  7][4  7][5  7][6 D7][7  7][7  7][6  7][5  7][4  7][3  7][2  7][1  7][0 E7]
