
Player A, Health= 40, Energy=    17, Score=   834, IronCurtainAvailable= Yes
Player B, Health= 95, Energy=   100, Score=  2136, IronCurtainAvailable= Yes
[0  0][1  0][2 d0][3  0][4 D0][5 d0][6  0][7  0][7  0][6  0][5  0][4  0][<  0][2  0][1 A0][0 E0]
[0 D1][1 D1][2  1][3  1][4  1][5  1][6  1][<< 1][7 D1][< A1][< A1][4 A1][3 A1][2 A1][1 A1][0 E1]
[0  2][1 E2][2 E2][3  2][4  2][5  2][<  2][7  2][7  2][6  2][5  2][4  2][3  2][2  2][1 A2][0 E2]
[0  3][1  3][2  3][3  3][4  3][5 E3][6  3][7  3][<  3][6  3][5  3][4  3][3  3][2  3][1 A3][0 E3]
[0  4][1  4][2  4][3  4][4  4][5 D4][6  4][7  4][7  4][6  4][<  4][<  4][3  4][2 A4][1 A4][0 E4]
[0  5][1 E5][2  5][3  5][4  5][5  5][6  5][7 D5][< d5][6  5][5  5][4  5][3  5][2  5][1 A5][0 E5]
[0  6][1  6][<  6][3  6][4  6][5  6][6  6][7  6][7  6][6  6][<  6][4  6][3  6][2  6][1 A6][0 E6]
[0  7][<  7][<  7][3  7][<< 7][5  7][6  7][<< 7][7 D7][6 A7][< A7][4 A7][3 A7][2 A7][1 A7][0 E7]
