
Player A, Health= 85, Energy=    16, Score=   521, IronCurtainAvailable= Yes
Player B, Health= 95, Energy=   104, Score=   958, IronCurtainAvailable= Yes
[0 A0][1  0][2  0][3  0][4  >][5  0][6  0][7  0][7 d0][6  0][5  0][4  0][3  0][2  0][1  0][0 E0]
[0  1][1  1][2 A1][3  1][4  >][5  1][6  1][7 D1][7 D1][6  1][5  1][4  1][3  1][2  1][1  1][0  1]
[0  2][1  2][2  2][3  2][4  2][5  2][6  2][7 E2][7 d2][6  2][5  2][4  2][3  2][2  2][1  2][0 E2]
[0  3][1  3][2  3][3  3][4  3][5  3][6  3][7  3][7  3][6  3][5  3][4  3][3  3][2  3][1  3][0 E3]
[0  4][1  4][2 D4][3  4][4  4][5  4][6  4][7  4][7  4][6  4][5  4][4  4][3  4][2  4][1  4][0 E4]
[0  5][1  5][2  5][3  5][4  5][5  5][6  5][7 E5][7  5][6  5][5  5][4  5][3  5][2  5][1  5][0 E5]
[0  6][<  6][2  6][<< 6][4 d6][5  6][<< 6][7  6][< D6][<<A6][5 A6][4 A6][3 A6][2 A6][1 A6][0 A6]
[0  7][1  7][2 E7][3  7][4  7][5  7][6  7][7  7][7  7][6  7][5  7][4  7][3  7][2  7][1  7][0 E7]
