
Player A, Health= 25, Energy=    38, Score=   720, IronCurtainAvailable= Yes
Player B, Health=100, Energy=   103, Score=  2471, IronCurtainAvailable= Yes
[0 d0][1 E0][2 D0][3  0][4 D0][5 D0][6 D0][7  0][7 D0][6  0][5  0][<  0][<  0][2 A0][1 A0][0 E0]
[0 D1][<  1][<  1][3  1][<< 1][<  1][6  1][<  1][7 D1][< A1][< A1][4 A1][3 A1][2 A1][1 A1][0 E1]
[0  2][1 D2][2  2][3 E2][4  2][5  2][<  2][7  2][7 D2][6  2][5  2][4  2][3  2][2  2][1 A2][0 E2]
[0  3][1  3][2  3][3  3][4  3][5  3][6  3][7  3][< d3][6  3][5  3][4  3][3  3][2  3][1 A3][0 E3]
[<  4][<  4][2  4][<  4][4  4][<  4][<< 4][7  4][< D4][< A4][5 A4][4 A4][3 A4][2 A4][1 A4][0 E4]
[0  5][1  5][<  5][3  5][4  5][5  5][6  5][7  5][7  5][6  5][<  5][4  5][3  5][2  5][1 A5][0 E5]
[0  6][1  6][2  6][3  6][4  6][5  6][<  6][7  6][7  6][6  6][5  6][4  6][3  6][2  6][1 A6][0 E6]
[0 E7][1  7][2  7][3  7][4  7][5  7][6  7][7  7][<  7][<  7][5  7][4  7][3  7][2 A7][1 A7][0 E7]
