
Player A, Health=  5, Energy=    10, Score=   764, IronCurtainAvailable= Yes
Player B, Health= 90, Energy=    95, Score=  2619, IronCurtainAvailable= Yes
[0 D0][1  0][2 A0][3  0][4 D0][5  0][6 D0][<  0][7 d0][<  0][5  0][4  0][<  0][2 A0][1 A0][0 A0]
[0  1][1  1][2  1][3  1][4  1][<  1][<  1][7  1][7  1][6  1][5  1][4  1][3  1][2 A1][1 A1][0 E1]
[0  2][1  2][2  2][3  2][4  2][5 D2][6  2][7  2][7  2][6  2][<  2][4  2][3  2][2  2][1 A2][0 E2]
[0  3][1  3][2  3][3  3][<  3][5  3][6  3][7  3][7  3][6  3][5  3][<  3][<  3][2 A3][1 A3][0 E3]
[0 D4][1  4][2  4][3  4][4  4][5  4][6  4][7  4][<  4][6  4][5  4][<  4][3  4][2 A4][1 A4][0 E4]
[0  5][1  5][<  5][3  5][4  5][5  5][6  5][<  5][7  5][6  5][<  5][4  5][3  5][2 A5][1 A5][0 E5]
[<  6][1  6][2  6][<< 6][4  6][<  6][<< 6][7  6][< D6][6 A6][5 A6][< A6][3 A6][2 A6][1 A6][0 E6]
[<  7][1 e7][2  7][3  7][4  7][5  7][6  7][7  7][<  7][<  7][5  7][4  7][3  7][2 A7][1 A7][0 E7]
