
Player A, Health=100, Energy=   309, Score=  3611, IronCurtainAvailable= Yes
Player B, Health= 30, Energy=    34, Score=  2023, IronCurtainAvailable= Yes
[0E0][1A0][2A0][3 0][4 0][5 0][6 0][7D>][7D0][6 0][5 0][4 0][3 0][2 0][1 0][0 0]
[0E1][1A1][2A1][3 >][4 1][5 1][6 1][7D1][7 1][6 1][5 1][4 1][3 1][2 1][1 1][0E1]
[0E2][1A2][2A2][3 2][4 >][5 2][6t2][7D2][7d2][6 >][5 2][4 2][3 2][2 2][1 2][0E2]
[0E3][1A3][2A3][3 3][4 3][5 3][6 >][7D>][7d3][6 3][5 3][4 3][3 3][2 3][1 >][0E3]
[0E4][1A4][2A4][3 4][4 4][5 4][6 4][7D>][7D4][6 4][5 4][4 4][3 4][2 4][1 4][0 >]
[0E5][1A5][2A5][3 >][4 >][5 5][6 5][7D5][7 5][6 5][5 5][4 >][3 >][2 5][1 5][0 5]
[0E6][1A6][2A6][3 6][4 6][5 6][6 >][7D6][7 6][6 6][5 6][4 6][3 6][2 6][1 6][0 6]
[0E7][1A7][2A7][3A7][4A7][5A7][6D>][7D>][7 7][6 >][5 >][4 7][3 7][2 >][1 >][0 >]
